[00:00:00]
        ambient                          = night

        ambient_color                    = 1.000000, 1.000000, 1.000000
        sun_color                        = 0.000000, 0.000000, 0.000000
        sky_color                        = 1.000000, 1.000000, 1.000000

        hemisphere_color                 = 1.000000, 1.000000, 1.000000

        clouds_color                     = 0.000000, 0.000000, 0.000000, 0.000000
        clouds_texture                   = sky\sky_oblaka

        sky_rotation                     = 0.000000
        sky_texture                      = debug\skybox_night

        far_plane                        = 250.000000

        fog_color                        = 0.010000, 0.010000, 0.010000
        fog_density                      = 0.30000

        rain_color                       = 0.680000, 0.640000, 0.600000
        rain_density                     = 0.000000

        thunderbolt_collection           =
        thunderbolt_duration             = 0.000000
        thunderbolt_period               = 0.000000

        sun                              = sun_rise
        sun_shafts_intensity             = 0.000000

        wind_direction                   = 0.000000
        wind_velocity                    = 0.000000
        trees_amplitude                  = 0.005000
        trees_speed                      = 1.000000
        trees_rotation                   = 10.00000

        water_intensity                  = 0.100000
        sepia_color                      = 1.000000, 1.000000, 1.000000
        sepia_power                      = 0.000000
        vignette_power                   = 0.200000

[06:00:00]
        ambient                          = day

        ambient_color                    = 1.000000, 1.000000, 1.000000
        sun_color                        = 1.000000, 0.907000, 0.879000
        sky_color                        = 1.000000, 1.000000, 1.000000

        hemisphere_color                 = 1.000000, 1.000000, 1.000000

        clouds_color                     = 0.000000, 0.000000, 0.000000, 0.000000
        clouds_texture                   = sky\sky_oblaka

        sky_rotation                     = 0.000000
        sky_texture                      = debug\skybox_day

        far_plane                        = 250.000000

        fog_color                        = 0.32941, 0.40000, 0.470588
        fog_density                      = 0.30000

        rain_color                       = 0.680000, 0.640000, 0.600000
        rain_density                     = 0.000000

        thunderbolt_collection           =
        thunderbolt_duration             = 0.000000
        thunderbolt_period               = 0.000000

        sun                              = sun_rise
        sun_shafts_intensity             = 0.000000

        wind_direction                   = 0.000000
        wind_velocity                    = 0.000000
        trees_amplitude                  = 0.005000
        trees_speed                      = 1.000000
        trees_rotation                   = 10.00000

        water_intensity                  = 0.100000
        sepia_color                      = 1.000000, 1.000000, 1.000000
        sepia_power                      = 0.000000
        vignette_power                   = 0.200000
