[00:00:00]
        ambient                          = x18
        ambient_color                    = 0.000000, 0.000000, 0.000000
        clouds_color                     = 0.000000, 0.000000, 0.000000, 0.500000
        clouds_texture                   = sky\sky_oblaka
        far_plane                        = 150.000000
        fog_color                        = 0.0000, 0.000, 0.000
        fog_density                      = 0.000001
        hemisphere_color                 = 0.500000, 0.500000, 0.500000, 1.000000
        rain_color                       = 1.000000, 1.000000, 1.000000
        rain_density                     = 0.000000
        sky_color                        = 0.000000, 0.000000, 0.000000
        sky_rotation                     = 0.000000
        sky_texture                      = sky\sky_black_cube
        sun                              =
        sun_color                        = 0.000000, 0.000000, 0.000000
        sun_shafts_intensity             = 0.000000
        thunderbolt_collection           =
        thunderbolt_duration             = 0.000000
        thunderbolt_period               = 0.000000
        water_intensity                  = 0.000000
        wind_direction                   = 0.000000
        wind_velocity                    = 0.000000
        vignette_power                   = 0.500000
 
[12:00:00]
        ambient                          = x18
        ambient_color                    = 0.000000, 0.000000, 0.000000
        clouds_color                     = 0.000000, 0.000000, 0.000000, 0.500000
        clouds_texture                   = sky\sky_oblaka
        far_plane                        = 150.000000
        fog_color                        = 0.0000, 0.000, 0.000
        fog_density                      = 0.000001
        hemisphere_color                 = 0.500000, 0.500000, 0.500000, 1.000000
        rain_color                       = 1.000000, 1.000000, 1.000000
        rain_density                     = 0.000000
        sky_color                        = 0.000000, 0.000000, 0.000000
        sky_rotation                     = 0.000000
        sky_texture                      = sky\sky_black_cube
        sun                              =
        sun_color                        = 0.000000, 0.000000, 0.000000
        sun_shafts_intensity             = 0.000000
        thunderbolt_collection           =
        thunderbolt_duration             = 0.000000
        thunderbolt_period               = 0.000000
        water_intensity                  = 0.000000
        wind_direction                   = 0.000000
        wind_velocity                    = 0.000000
        vignette_power                   = 0.500000
 
